Epoch	AverageEpRet	StdEpRet	MaxEpRet	MinEpRet	EpLen	AverageVVals	StdVVals	MaxVVals	MinVVals	TotalEnvInteracts	LossPi	LossV	DeltaLossPi	DeltaLossV	Entropy	KL	Time
0	-0.348	5.504443	18.0	-12.0	20.0	-0.13494958	0.17924787	0.6853157	-0.35388777	5000	0.10239375	11.885047	0.0	-3.9582362	1.2453667	1.1527538e-08	1.694338083267212
1	0.04	4.912678	18.0	-12.0	20.0	-1.4767818	0.8649984	0.22648805	-2.4311852	10000	0.09360536	7.5530257	0.0	-0.98931074	1.2478803	1.4472008e-08	3.197535276412964
2	0.116	5.1651278	16.0	-12.0	20.0	-1.7509774	1.3591568	1.329353	-3.1847308	15000	0.09418273	7.0713186	0.0	-0.83691645	1.2520856	-8.797645e-09	4.68265700340271
3	-0.136	5.2235527	17.0	-12.0	20.0	-1.4851937	1.7143081	2.4221358	-3.2193274	20000	0.08464383	6.621614	0.0	-0.53671455	1.2571473	3.8146972e-10	6.2522900104522705
4	0.668	4.949927	16.0	-12.0	20.0	-1.3844634	1.9004459	2.6360195	-3.1334088	25000	0.08778393	5.7847166	0.0	-0.30688524	1.2639655	1.0335445e-08	7.808434247970581
5	0.012	4.6479945	12.0	-13.0	20.0	-1.1004711	2.206502	3.6061308	-3.0015478	30000	0.08275012	5.0798154	0.0	-0.15186119	1.260278	-1.335144e-09	9.377270936965942
6	0.192	5.057582	20.0	-12.0	20.0	-1.2434814	2.242579	3.6841054	-3.0249286	35000	0.08210433	5.349223	0.0	-0.05020809	1.2666976	1.9526482e-08	10.988898992538452
7	0.072	5.3286786	17.0	-12.0	20.0	-1.0605929	2.3183062	3.9138794	-3.0550585	40000	0.06720136	5.8360767	0.0	-0.07803345	1.2702887	9.453297e-09	12.529855966567993
8	0.728	4.882419	16.0	-11.0	20.0	-1.0193949	2.2045963	3.8030581	-2.9249942	45000	0.06229564	5.17489	0.0	-0.06241274	1.27912	1.5497208e-10	14.073108196258545
9	0.296	4.9396744	18.0	-12.0	20.0	-1.068546	2.287922	4.2984185	-2.9758472	50000	0.06898044	5.004739	0.0	-0.051921844	1.2754121	-1.3506413e-08	15.681498050689697
10	0.848	5.0731544	20.0	-12.0	20.0	-1.0874231	2.3129406	4.4018674	-3.031868	55000	0.09033151	5.3545437	0.0	-0.11695051	1.2772325	2.9206275e-09	17.330567121505737
11	1.296	5.1318984	19.0	-10.0	20.0	-0.8951502	2.395478	4.584252	-3.0278635	60000	0.08100637	5.2825923	0.0	-0.09148455	1.2782533	-1.1456013e-08	18.884618282318115
12	0.444	5.0222373	18.0	-12.0	20.0	-0.97778416	2.3732126	4.771945	-2.7941847	65000	0.06677755	4.824115	0.0	-0.0919199	1.2804073	-4.541874e-09	20.430599212646484
13	0.672	5.173434	17.0	-12.0	20.0	-0.96542335	2.3817456	4.8227367	-2.890149	70000	0.071977705	5.3583326	0.0	-0.062465668	1.2837273	-9.942055e-09	21.93722629547119
14	1.148	4.953998	19.0	-10.0	20.0	-0.903651	2.3399215	4.7261157	-2.930941	75000	0.07926702	5.165377	0.0	-0.09874678	1.2877878	-1.18732455e-08	23.470221042633057
15	0.584	4.869799	18.0	-14.0	20.0	-0.8077466	2.4208043	5.144097	-2.894517	80000	0.052881178	4.8751726	0.0	-0.1275754	1.2915106	-2.1004677e-08	25.051199913024902
16	1.26	5.2107964	15.0	-13.0	20.0	-0.97506136	2.2999046	4.864947	-2.8785708	85000	0.07148764	5.1381044	0.0	-0.0776639	1.2921917	-1.0585785e-08	26.58328413963318
17	1.476	5.0328345	17.0	-13.0	20.0	-0.82101154	2.4239926	5.3333926	-2.8607926	90000	0.08087011	5.3670874	0.0	-0.06979084	1.2933569	5.233288e-09	28.095912218093872
18	1.124	4.6411877	19.0	-10.0	20.0	-0.72941536	2.4293864	5.2931905	-2.8934317	95000	0.06602284	4.788012	0.0	-0.10306406	1.2949302	1.3256073e-08	29.60910415649414
19	1.76	4.945948	18.0	-12.0	20.0	-0.8370493	2.3557403	5.492985	-2.8339562	100000	0.061754998	4.8208714	0.0	-0.09065342	1.3026018	5.865097e-09	31.12222719192505
20	1.772	4.6346536	18.0	-10.0	20.0	-0.60832435	2.378813	5.6244955	-2.6447394	105000	0.057664044	4.783972	0.0	-0.055959225	1.3055726	-1.3828277e-08	32.6955029964447
21	1.976	5.332863	20.0	-12.0	20.0	-0.6303815	2.447144	6.0647473	-2.7393093	110000	0.06025349	4.9027405	0.0	-0.040040493	1.3077817	1.4734268e-08	34.21149015426636
22	2.348	5.453338	22.0	-12.0	20.0	-0.66380465	2.5539448	6.333942	-2.9253526	115000	0.068866745	5.174641	0.0	-0.09946966	1.3098882	2.0170212e-08	35.74081516265869
23	1.968	5.474941	19.0	-12.0	20.0	-0.51344717	2.5732355	6.607136	-2.7665412	120000	0.055773724	4.929662	0.0	-0.05663395	1.3114942	-1.5485286e-08	37.25317335128784
24	1.48	5.290898	17.0	-11.0	20.0	-0.5127034	2.5351782	6.435211	-2.8409214	125000	0.052692786	5.4021955	0.0	-0.12814474	1.3135179	-1.8835069e-08	38.76455020904541
25	1.832	4.8020597	20.0	-10.0	20.0	-0.7069094	2.2927554	5.829776	-2.7969646	130000	0.04928562	4.1653686	0.0	-0.08752346	1.315313	8.022785e-09	40.28206825256348
26	2.072	5.3414245	19.0	-11.0	20.0	-0.5938938	2.4952857	6.430614	-2.6133633	135000	0.06511535	4.95028	0.0	-0.039939404	1.3118863	-1.2719632e-08	41.80039310455322
27	2.044	5.521781	19.0	-12.0	20.0	-0.42552045	2.519249	6.6931696	-2.7653458	140000	0.05251124	5.8217397	0.0	-0.12891531	1.3179048	-7.2717665e-10	43.31291317939758
28	2.472	5.5224285	19.0	-12.0	20.0	-0.41040596	2.3393319	6.235378	-2.7128432	145000	0.054849554	5.2095556	0.0	-0.11314869	1.322928	2.1576883e-09	44.81769013404846
29	2.164	5.106966	19.0	-10.0	20.0	-0.3045522	2.5754728	7.1722155	-2.6418114	150000	0.04684144	4.856888	0.0	-0.05819273	1.3229004	1.5330315e-08	46.34382724761963
30	2.488	5.2017164	18.0	-10.0	20.0	-0.49686718	2.4855914	6.9395657	-2.5842047	155000	0.053253707	4.6418877	0.0	-0.05553007	1.3264315	6.0796737e-09	47.882243156433105
31	1.552	5.286142	18.0	-11.0	20.0	-0.3184384	2.6337123	7.2250233	-2.6277328	160000	0.04586349	5.120828	0.0	-0.19822645	1.32515	-4.199743e-08	49.392327070236206
32	2.888	5.093079	19.0	-10.0	20.0	-0.57617235	2.3866272	6.5569105	-2.7470412	165000	0.047672126	4.995603	0.0	-0.14925003	1.3295856	-2.7894973e-09	50.9037721157074
33	2.18	4.8393803	18.0	-10.0	20.0	-0.30231747	2.5818636	7.236322	-2.775069	170000	0.032138553	4.4123588	0.0	-0.09783983	1.3332787	-1.0740757e-08	52.50380301475525
34	2.748	4.832028	17.0	-9.0	20.0	-0.49473125	2.4579597	6.955173	-2.683495	175000	0.04531876	4.7240367	0.0	-0.096698284	1.331148	-7.987022e-10	53.99131727218628
35	3.056	5.1049848	17.0	-12.0	20.0	-0.1900496	2.6078873	7.416774	-2.5148559	180000	0.037148256	4.945125	0.0	-0.019366741	1.3357464	2.9802322e-10	55.49857211112976
36	3.08	5.223179	19.0	-12.0	20.0	-0.015374688	2.5860128	7.4568405	-2.5387654	185000	0.026056012	5.7106214	0.0	-0.17284966	1.3406534	1.6665458e-08	56.99868416786194
37	3.024	5.4368577	18.0	-11.0	20.0	-0.09529624	2.3851147	7.1485367	-2.3169923	190000	0.029996933	5.1010895	0.0	-0.103991985	1.340066	5.9247016e-09	58.48157095909119
38	3.32	5.119531	18.0	-11.0	20.0	-0.16719162	2.4415317	7.43548	-2.398945	195000	0.037103076	4.925701	0.0	-0.08164978	1.341729	1.07288365e-08	59.94614601135254
39	3.592	5.5210085	19.0	-10.0	20.0	-0.040806796	2.5781262	7.6985145	-2.3854806	200000	0.03853298	5.362746	0.0	-0.04218483	1.3422469	-9.536744e-10	61.429986000061035
40	3.192	5.359397	19.0	-11.0	20.0	-0.018434985	2.6435313	7.975674	-2.4354024	205000	0.036031373	4.8063226	0.0	-0.052386284	1.3431271	2.9444696e-09	62.938398122787476
41	3.236	5.194257	17.0	-10.0	20.0	-0.102631	2.5888052	7.6742682	-2.5661283	210000	0.025549611	4.929974	0.0	-0.06084776	1.3450853	2.1350385e-08	64.40302300453186
42	3.732	5.303223	19.0	-10.0	20.0	-0.16771413	2.559158	7.7989125	-2.433238	215000	0.031537503	4.8583627	0.0	-0.06933594	1.3467052	1.680851e-09	65.9115092754364
43	3.5	5.654202	19.0	-11.0	20.0	0.068805926	2.571565	8.117081	-2.3249996	220000	0.026710127	5.322487	0.0	-0.023989677	1.3476738	1.4305115e-09	67.39071607589722
44	3.052	5.1978164	19.0	-11.0	20.0	-0.038422544	2.501625	8.029592	-2.3847456	225000	0.023244575	4.663911	0.0	-0.04996538	1.3491743	-2.3686885e-08	68.85212516784668
45	3.132	5.3571053	18.0	-12.0	20.0	-0.048458613	2.4690907	7.84948	-2.3572924	230000	0.016810292	4.715713	0.0	-0.02301693	1.3504021	4.9948694e-09	70.32807612419128
46	3.484	4.9753137	17.0	-14.0	20.0	-0.027581055	2.4895785	7.930668	-2.2921085	235000	0.024047831	4.996677	0.0	-0.102600574	1.3504769	2.3019314e-08	71.80508303642273
47	3.648	5.5081844	18.0	-14.0	20.0	-0.03587642	2.5216393	7.7946935	-2.2240188	240000	0.020412222	4.961772	0.0	-0.03745699	1.3537242	1.0669232e-08	73.27479124069214
48	4.516	5.66831	20.0	-13.0	20.0	0.16698764	2.632995	8.141817	-2.4078937	245000	0.011445253	5.499219	0.0	-0.060884476	1.354835	-1.4686584e-08	74.74515914916992
49	4.036	5.1562295	18.0	-10.0	20.0	0.2684502	2.5263975	8.385836	-2.2285452	250000	0.014398201	4.455405	0.0	-0.07819605	1.3551321	-7.1406365e-09	76.27891802787781
50	3.28	5.180888	18.0	-9.0	20.0	0.24827309	2.5525565	8.413154	-2.2893097	255000	0.007121043	4.7716537	0.0	-0.116113186	1.3551203	-3.2901764e-09	77.77932119369507
51	4.108	5.4236827	18.0	-10.0	20.0	-0.035054997	2.3946235	7.919691	-2.2405758	260000	0.010972477	4.5572333	0.0	-0.08624792	1.3562169	-3.5047532e-09	79.25015902519226
52	4.212	5.608481	19.0	-12.0	20.0	0.24046138	2.5285602	8.29845	-2.1130476	265000	0.0029281455	4.9834623	0.0	-0.03357935	1.3582535	-5.722046e-09	80.72072529792786
53	4.632	5.734856	19.0	-11.0	20.0	0.3085668	2.5494528	8.512382	-2.021795	270000	0.0012464395	5.4260855	0.0	-0.09902811	1.3595098	4.6133994e-09	82.18989896774292
54	4.872	5.698387	20.0	-11.0	20.0	0.44827968	2.5895522	8.622978	-1.7681799	275000	0.0023646245	5.5831957	0.0	-0.05223465	1.3594354	-9.536743e-11	83.67906618118286
55	4.16	5.4573255	20.0	-9.0	20.0	0.43483692	2.6619925	8.758301	-2.0729852	280000	0.0010992438	5.154355	0.0	-0.066115856	1.3601933	-1.500845e-08	85.21131324768066
56	4.6	5.3486447	20.0	-10.0	20.0	0.29083908	2.5485957	8.279911	-2.1402292	285000	0.00498346	5.157739	0.0	-0.063464165	1.3605503	6.8187713e-09	86.69617509841919
57	4.556	5.42281	20.0	-12.0	20.0	0.38316527	2.5925043	8.60922	-2.069504	290000	0.0015717156	5.086006	0.0	-0.046846867	1.3609816	-1.3828277e-08	88.15977692604065
58	5.068	5.569145	20.0	-9.0	20.0	0.51067775	2.615553	8.651966	-1.8661878	295000	-0.00036806415	5.53476	0.0	-0.09136486	1.3619809	-1.4817715e-08	89.63030910491943
59	3.872	4.85959	18.0	-10.0	20.0	0.6343877	2.591304	8.719984	-2.0421576	300000	-0.005304066	5.110857	0.0	-0.22744799	1.3625183	1.9073487e-09	91.11163210868835
60	5.06	5.7675295	24.0	-11.0	20.0	0.20494258	2.4431348	8.255926	-1.8596715	305000	-0.0006444678	5.6133027	0.0	-0.16380978	1.3620977	2.5320054e-08	92.61121726036072
61	4.664	5.4698358	26.0	-11.0	20.0	0.5979652	2.56985	8.8250475	-1.9420189	310000	-0.010852559	5.2938323	0.0	-0.053164005	1.3636081	2.6822091e-09	94.11199927330017
62	4.72	5.3067503	20.0	-9.0	20.0	0.3794251	2.5047793	8.501227	-1.9607105	315000	-0.005416407	5.1010485	0.0	-0.055929184	1.3631518	1.6975402e-08	95.5795419216156
63	4.856	5.585272	20.0	-11.0	20.0	0.52720493	2.5750005	8.654114	-1.7141111	320000	-0.006467456	5.122937	0.0	-0.043056965	1.3637897	5.5193903e-09	97.07419109344482
64	5.592	5.3517785	19.0	-8.0	20.0	0.5254806	2.6891165	8.763639	-2.0259902	325000	-0.0057347	5.441843	0.0	-0.10208702	1.3639383	-2.9349327e-08	98.5496780872345
65	5.1	5.328602	19.0	-12.0	20.0	0.71722496	2.647693	8.835213	-1.7584532	330000	-0.007289289	5.357792	0.0	-0.06456947	1.3640939	-1.4781952e-08	100.01520824432373
66	5.52	5.5173907	23.0	-9.0	20.0	0.50753945	2.579634	8.60401	-2.077879	335000	-0.01560553	5.05143	0.0	-0.04698944	1.3651793	1.4281273e-08	101.4881820678711
67	5.572	5.901594	20.0	-9.0	20.0	0.7592872	2.6588688	8.875506	-1.7466488	340000	-0.015996508	5.5342846	0.0	-0.029428482	1.3657318	4.696846e-09	102.97970914840698
68	5.476	5.8049483	24.0	-14.0	20.0	0.67506367	2.6328838	8.88758	-1.8008107	345000	-0.019474076	5.186885	0.0	-0.029553413	1.3657672	9.024143e-09	104.47327399253845
69	5.6	5.3148847	20.0	-12.0	20.0	0.6225355	2.5808206	8.819498	-1.6426506	350000	-0.011441397	4.90068	0.0	-0.17405128	1.3657024	1.1003017e-08	105.94075727462769
70	5.28	5.4664063	24.0	-12.0	20.0	0.7804461	2.8199136	8.906973	-1.8527203	355000	-0.018082235	5.2435203	0.0	-0.08803129	1.3662121	-7.843972e-09	107.4651050567627
71	5.596	5.893113	30.0	-10.0	20.0	0.6762405	2.676049	8.797019	-1.8350899	360000	-0.01619126	5.2006435	0.0	-0.033194542	1.3658478	-8.678437e-09	108.9463300704956
72	5.896	5.8744516	20.0	-8.0	20.0	0.7748668	2.64037	8.788984	-1.7056088	365000	-0.028272476	5.5795712	0.0	-0.022582531	1.3672794	-1.0848045e-08	110.41675114631653
73	5.308	5.495192	30.0	-9.0	20.0	0.87350637	2.6519105	8.988978	-1.7687832	370000	-0.028412161	5.088974	0.0	-0.04531288	1.3670131	-7.0095063e-09	111.88774704933167
74	6.52	5.7613883	20.0	-10.0	20.0	0.7925151	2.6454635	8.795651	-1.7455277	375000	-0.030720172	5.8894544	0.0	-0.0896101	1.3670936	5.102158e-09	113.36651802062988
75	6.62	5.744876	19.0	-12.0	20.0	0.96158516	2.710256	9.12264	-1.3850298	380000	-0.024500305	5.7374353	0.0	-0.07761574	1.3664608	3.4093857e-09	114.83510613441467
76	5.728	5.6736245	24.0	-7.0	20.0	1.0018346	2.7004926	9.1168375	-1.7248787	385000	-0.02650029	5.46439	0.0	-0.10504007	1.3656309	7.0095063e-09	116.32066512107849
77	6.46	6.1070776	27.0	-10.0	20.0	0.91442347	2.651899	8.900279	-1.6869566	390000	-0.028418548	5.916064	0.0	-0.059348583	1.3661387	-2.5725365e-08	117.79968094825745
78	6.296	5.200037	19.0	-10.0	20.0	0.94889	2.670493	9.13802	-1.5360589	395000	-0.029143136	5.122709	0.0	-0.039274216	1.3670354	8.320808e-09	119.27266311645508
79	6.228	5.633473	20.0	-9.0	20.0	0.9218698	2.745076	8.998084	-1.6180426	400000	-0.03435861	5.539596	0.0	-0.020664692	1.3668534	-1.3566017e-08	120.73559594154358
80	6.912	6.1364694	30.0	-9.0	20.0	0.9671247	2.7270968	9.080778	-1.7251713	405000	-0.03516489	6.078582	0.0	-0.049584866	1.3659294	-1.4138222e-08	122.23218011856079
81	6.476	5.5915494	24.0	-8.0	20.0	1.1378146	2.7209628	9.325311	-1.3628561	410000	-0.036565185	5.8682175	0.0	-0.02229786	1.365576	2.0742417e-09	123.69989013671875
82	6.54	5.711077	20.0	-14.0	20.0	1.1559176	2.6733983	9.117845	-1.4304125	415000	-0.030637745	5.8903537	0.0	-0.020049095	1.3652023	1.2469291e-08	125.16673827171326
83	7.128	6.159839	24.0	-9.0	20.0	1.160858	2.6767461	9.071191	-1.5708151	420000	-0.03963127	6.51702	0.0	-0.03767824	1.3655528	-1.4066697e-09	126.65619802474976
84	6.756	5.1334653	24.0	-7.0	20.0	1.2321091	2.6615016	9.249726	-1.36469	425000	-0.03838432	5.1815596	0.0	-0.07053232	1.3652015	-2.1958352e-08	128.12055015563965
85	7.06	6.2443895	24.0	-10.0	20.0	1.2902246	2.8246167	9.147024	-1.6879382	430000	-0.042843964	6.5348887	0.0	-0.17520761	1.3647364	3.0755998e-09	129.59244012832642
86	7.232	5.724524	20.0	-8.0	20.0	1.354161	2.6347578	9.388863	-1.2172958	435000	-0.04517169	5.8811517	0.0	-0.080667496	1.3646762	-2.3126603e-09	131.05413126945496
87	6.64	6.023155	28.0	-9.0	20.0	1.2735987	2.6701946	9.445655	-1.2070453	440000	-0.047133777	5.85437	0.0	-0.05211258	1.3642886	1.30176545e-08	132.52468705177307
88	6.868	6.250326	29.0	-12.0	20.0	1.2834994	2.6226652	9.188785	-1.2981119	445000	-0.043317474	6.761781	0.0	-0.04899454	1.3633755	3.2663345e-09	133.9880440235138
89	6.832	5.4519515	20.0	-10.0	20.0	1.204156	2.5855782	9.270431	-1.4414908	450000	-0.04675826	5.288793	0.0	-0.11990738	1.3635898	7.6770785e-09	135.44516229629517
90	7.152	5.616484	20.0	-11.0	20.0	1.2871867	2.697797	9.224344	-1.4455633	455000	-0.046467125	6.1868553	0.0	-0.09746456	1.3629384	9.250641e-09	136.94448518753052
91	6.476	5.6414027	19.0	-14.0	20.0	1.3380336	2.5869255	9.241265	-1.335388	460000	-0.04920094	6.1843486	0.0	-0.061841965	1.3621815	1.6641616e-08	138.4114260673523
92	6.7	6.878517	29.0	-13.0	20.0	1.2673244	2.646238	9.18486	-1.4102389	465000	-0.048491057	7.550594	0.0	-0.053852558	1.3612933	8.797645e-09	139.88048028945923
93	7.916	5.7914543	25.0	-6.0	20.0	1.3580644	2.586756	9.363779	-1.2825767	470000	-0.049778566	6.634156	0.0	-0.24118805	1.361135	-1.87397e-08	141.33955717086792
94	7.568	5.9951124	29.0	-9.0	20.0	1.6422817	2.723132	9.678712	-1.3072562	475000	-0.055364423	6.2020607	0.0	-0.18070078	1.3608361	-1.4066697e-09	142.87589025497437
95	7.068	5.812347	23.0	-10.0	20.0	1.4525546	2.7300944	9.628657	-1.1855661	480000	-0.056192175	6.123165	0.0	-0.045526028	1.3600047	-2.450943e-08	144.33398008346558
96	8.128	5.991963	29.0	-8.0	20.0	1.3944155	2.653426	9.271009	-1.2827249	485000	-0.05567039	6.5766516	0.0	-0.15976095	1.3592589	-1.9550324e-08	145.78739500045776
97	7.408	5.4230556	19.0	-10.0	20.0	1.5995398	2.7685552	9.672923	-1.2485094	490000	-0.056748584	5.9999948	0.0	-0.107368946	1.3586364	4.7445297e-09	147.26519012451172
98	8.084	7.020893	28.0	-11.0	20.0	1.44468	2.697408	9.314129	-1.2803948	495000	-0.054952905	7.840031	0.0	-0.12222099	1.3581908	-1.475811e-08	148.7330060005188
99	8.3	5.836609	24.0	-8.0	20.0	1.542468	2.666195	9.647518	-1.228369	500000	-0.05824535	5.749348	0.0	-0.15013742	1.357281	-2.3841857e-09	150.21242117881775
100	7.672	6.020998	20.0	-10.0	20.0	1.7975563	2.799364	9.726741	-1.1819288	505000	-0.064149834	6.7869773	0.0	-0.13624763	1.3567628	-1.8835067e-09	151.68868112564087
101	7.524	5.3756323	20.0	-9.0	20.0	1.4979159	2.601744	9.393046	-0.9037545	510000	-0.06125329	6.041393	0.0	-0.056390285	1.3561406	1.2207031e-08	153.1692831516266
102	7.812	6.502973	28.0	-11.0	20.0	1.4991477	2.72703	9.433454	-1.0532899	515000	-0.06660297	6.986468	0.0	-0.053794384	1.3556805	-1.7690658e-08	154.64462614059448
103	8.032	6.145484	30.0	-9.0	20.0	1.5567627	2.6347675	9.515475	-0.99861795	520000	-0.063656025	6.9410954	0.0	-0.07158661	1.3540906	7.0810318e-09	156.13209795951843
104	7.664	6.4273715	28.0	-7.0	20.0	1.684377	2.7529047	9.528494	-1.1025895	525000	-0.06775548	6.95778	0.0	-0.13555813	1.3536712	-5.197525e-09	157.62174105644226
105	7.796	6.0572586	24.0	-8.0	20.0	1.4408983	2.5984123	9.447875	-1.0847044	530000	-0.06537334	6.207048	0.0	-0.08700514	1.352947	4.506111e-09	159.09543323516846
106	7.724	6.6127014	29.0	-17.0	20.0	1.6568968	2.7527623	9.565356	-1.0657893	535000	-0.06407355	7.4753165	0.0	-0.09874678	1.35273	-1.783371e-08	160.5732021331787
107	8.604	6.0198994	20.0	-8.0	20.0	1.5157193	2.5485575	9.396921	-0.9477687	540000	-0.06891059	6.83569	0.0	-0.158566	1.3513098	-6.1511995e-09	162.03993105888367
108	8.688	6.1649537	30.0	-9.0	20.0	1.78935	2.7213583	9.774256	-0.9660387	545000	-0.07213392	6.4661183	0.0	-0.037810802	1.3495028	-2.026558e-10	163.51686906814575
109	8.664	6.636799	30.0	-10.0	20.0	1.9915135	2.770793	9.983033	-0.9344009	550000	-0.067336835	7.6114116	0.0	-0.09974909	1.3487363	7.343292e-09	164.98470211029053
110	8.772	5.9181094	25.0	-6.0	20.0	1.8130385	2.7014637	9.763396	-1.0510834	555000	-0.07393045	6.459003	0.0	-0.09539652	1.3489293	1.8835067e-09	166.47812700271606
111	8.82	6.124998	29.0	-7.0	20.0	1.888314	2.7923086	9.754587	-1.0185299	560000	-0.07495052	6.952304	0.0	-0.09091091	1.3478786	6.6041945e-09	167.96132397651672
112	8.496	5.849614	24.0	-10.0	20.0	1.8811041	2.7451785	9.722591	-0.7117454	565000	-0.06785024	6.9522476	0.0	-0.078232765	1.3461282	-1.4185906e-09	169.433336019516
113	8.684	6.593341	29.0	-11.0	20.0	1.8293371	2.652791	9.638475	-0.7978288	570000	-0.07513359	7.3722563	0.0	-0.043529034	1.3450375	-9.453297e-09	170.89128422737122
114	8.376	6.469206	29.0	-10.0	20.0	1.8854234	2.6172585	9.643723	-0.61442256	575000	-0.075232476	7.485348	0.0	-0.030508518	1.3443488	1.4817715e-08	172.35898208618164
115	9.488	6.351209	25.0	-8.0	20.0	1.9100403	2.64292	9.591914	-0.62989724	580000	-0.07455065	7.350432	0.0	-0.11460447	1.3433249	-5.3644182e-09	173.83045411109924
116	9.2	6.0649815	30.0	-9.0	20.0	2.1177197	2.6462948	9.760372	-0.5057027	585000	-0.07441473	7.2256556	0.0	-0.108735085	1.3421309	2.412796e-08	175.3255259990692
117	9.22	6.1660037	30.0	-6.0	20.0	2.0895138	2.78182	9.831652	-0.9624101	590000	-0.080674075	6.6866374	0.0	-0.081285	1.3412589	1.8370152e-08	176.7851541042328
118	9.532	7.2045107	30.0	-10.0	20.0	2.0177689	2.8054893	9.891441	-0.758173	595000	-0.077666745	8.656965	0.0	-0.15818596	1.3396034	-1.5842915e-08	178.2681839466095
119	9.636	6.217355	30.0	-8.0	20.0	2.1903453	2.671159	10.022347	-0.93498904	600000	-0.08728589	7.320572	0.0	-0.03777027	1.3387886	1.335144e-09	179.73587822914124
120	9.908	6.1796064	25.0	-8.0	20.0	2.2308595	2.7424939	9.944693	-0.7440369	605000	-0.08186885	7.329794	0.0	-0.074625015	1.3380162	7.56979e-09	181.28121209144592
121	10.152	6.472163	30.0	-6.0	20.0	2.357304	2.659564	9.891384	-0.6089736	610000	-0.07776656	7.8768287	0.0	-0.118617535	1.3360549	1.347065e-09	182.790678024292
122	10.468	6.2476377	29.0	-5.0	20.0	2.3188581	2.7481835	9.958154	-0.59253585	615000	-0.07900393	7.3978086	0.0	-0.073604584	1.3352948	3.4475327e-08	184.2561912536621
123	9.82	6.729309	30.0	-8.0	20.0	2.3776286	2.9375913	10.247491	-0.81007016	620000	-0.08396627	8.037809	0.0	-0.16406727	1.3338978	-1.37805936e-08	185.74260807037354
124	9.46	5.9565425	29.0	-9.0	20.0	2.257381	2.7025554	10.011044	-0.7502538	625000	-0.08289718	7.287594	0.0	-0.06534052	1.3328495	-1.6248226e-08	187.2563922405243
125	9.556	7.3701334	29.0	-9.0	20.0	2.0959938	2.6979094	9.734711	-0.46514195	630000	-0.09004863	8.740041	0.0	-0.070549965	1.3322768	3.5643577e-09	188.72844624519348
126	9.484	6.0041437	28.0	-4.0	20.0	2.1345491	2.69295	9.960777	-0.8729156	635000	-0.08355009	6.979843	0.0	-0.09994459	1.3300027	-1.6248226e-08	190.1934299468994
127	10.032	6.00791	27.0	-8.0	20.0	2.2164333	2.8290749	10.009685	-0.6158875	640000	-0.07739325	7.142014	0.0	-0.02419281	1.3282243	1.9216538e-08	191.6685070991516
128	10.492	6.8423634	30.0	-9.0	20.0	2.3540852	2.799667	9.919478	-0.7133882	645000	-0.087453805	8.99305	0.0	-0.11899185	1.3284953	-5.38826e-09	193.13458514213562
129	10.0	6.1851435	29.0	-4.0	20.0	2.478939	2.7822328	10.187634	-0.52189964	650000	-0.08554085	7.355597	0.0	-0.04873514	1.3268338	-8.440018e-09	194.61143326759338
130	10.5	6.1801295	28.0	-6.0	20.0	2.3147857	2.7734394	10.057338	-0.59520704	655000	-0.08861046	7.4149165	0.0	-0.048335075	1.3238382	2.4914741e-09	196.10137701034546
131	9.584	6.703055	30.0	-10.0	20.0	2.4157848	2.7945323	10.136001	-0.5820429	660000	-0.08781148	8.413796	0.0	-0.12313557	1.3233165	-2.8455258e-08	197.63679313659668
132	10.652	6.5941563	28.0	-7.0	20.0	2.2466211	2.752115	9.873239	-0.5203524	665000	-0.08684541	8.405488	0.0	-0.14496803	1.3223522	-1.4305115e-09	199.1249499320984
133	10.604	6.6644716	29.0	-18.0	20.0	2.5967176	2.8673346	10.234189	-0.6609848	670000	-0.081247516	8.741145	0.0	-0.05885315	1.3219078	3.7431716e-09	200.59491395950317
134	10.36	7.126177	30.0	-7.0	20.0	2.4508371	2.7294173	10.1570425	-0.47624904	675000	-0.092195615	8.3408	0.0	-0.10064125	1.3190387	-3.826618e-09	202.06854605674744
135	10.556	7.121718	29.0	-9.0	20.0	2.495445	2.8888857	10.387727	-0.5087685	680000	-0.08971971	8.899533	0.0	-0.024450302	1.3188798	-3.3497811e-09	203.60214114189148
136	10.408	6.7023535	29.0	-9.0	20.0	2.3530138	2.8126755	10.312106	-0.8289904	685000	-0.09802183	8.352001	0.0	-0.06620979	1.3162385	5.4836274e-10	205.07543325424194
137	11.588	7.3044	30.0	-10.0	20.0	2.6163669	2.7890968	10.401476	-0.69776094	690000	-0.09244172	9.323951	0.0	-0.080179214	1.3167621	9.739399e-09	206.54264903068542
138	10.076	5.8184385	25.0	-8.0	20.0	2.7420204	2.771553	10.507675	-0.29337376	695000	-0.09574976	7.794397	0.0	-0.27669907	1.3146982	1.6033649e-08	208.03288221359253
139	10.996	6.0461545	29.0	-8.0	20.0	2.3399556	2.8034499	9.949758	-0.8858676	700000	-0.093766585	8.621926	0.0	-0.12935925	1.3137743	-3.9339065e-09	209.51825499534607
140	11.4	7.0079956	30.0	-8.0	20.0	2.739837	2.7924728	10.030055	-0.3200035	705000	-0.09720918	9.040334	0.0	-0.082057	1.3140222	-2.4914741e-09	211.02306294441223
141	11.04	6.4104915	26.0	-8.0	20.0	2.735909	2.7437122	10.459512	-0.3256033	710000	-0.098478496	8.140349	0.0	-0.10228729	1.3107129	-6.556511e-10	212.50532913208008
142	11.064	6.3488507	30.0	-12.0	20.0	2.5100846	2.8714104	10.473777	-0.6560115	715000	-0.100863695	8.267003	0.0	-0.047747612	1.3071442	1.5592574e-08	213.9870960712433
143	10.932	6.8093596	30.0	-8.0	20.0	2.7358522	2.8478482	10.410034	-0.6181548	720000	-0.1071547	8.996934	0.0	-0.043421745	1.3072823	3.7908556e-09	215.45858502388
144	11.676	6.807277	30.0	-7.0	20.0	2.6271732	2.8209379	10.251182	-0.3594883	725000	-0.10191499	9.369647	0.0	-0.09237766	1.3065239	-2.2530555e-09	216.98055911064148
145	11.508	6.603176	30.0	-4.0	20.0	2.867891	2.8535707	10.589354	-0.82619804	730000	-0.10528406	8.371572	0.0	-0.109843254	1.3037056	-5.912781e-09	218.61206817626953
146	11.892	7.048428	35.0	-8.0	20.0	2.8268225	2.8089755	10.484534	-0.40163213	735000	-0.10822767	8.818629	0.0	-0.06981945	1.3021216	-8.618832e-09	220.14727020263672
147	10.984	7.3972793	30.0	-7.0	20.0	2.9794374	2.9092019	10.671692	-0.4304247	740000	-0.1077375	10.302507	0.0	-0.2684908	1.3042016	-8.21352e-09	221.64188718795776
148	11.64	6.677604	30.0	-6.0	20.0	2.674064	2.6704843	10.376937	-0.677556	745000	-0.10689975	8.863217	0.0	-0.19018173	1.29918	-1.3816357e-08	223.11622500419617
149	10.988	6.7914543	30.0	-11.0	20.0	2.8066108	2.757855	10.565906	-0.2887873	750000	-0.1032372	9.06566	0.0	-0.06536484	1.2978227	-1.1992454e-08	224.59860229492188
150	11.568	6.2926445	30.0	-4.0	20.0	2.750673	2.729696	10.440401	-0.35340345	755000	-0.102250144	8.457547	0.0	-0.07832718	1.2969768	6.341934e-09	226.0921652317047
151	11.68	7.3474894	35.0	-7.0	20.0	2.7782407	2.7782137	10.448917	-0.597439	760000	-0.10302287	9.77723	0.0	-0.04472828	1.292605	1.3971329e-08	227.57032799720764
152	11.852	7.1815104	30.0	-8.0	20.0	3.0195231	2.8048558	10.59255	-0.50581515	765000	-0.11447798	9.878406	0.0	-0.07316685	1.2958581	2.7298928e-08	229.0547001361847
153	12.308	6.932614	30.0	-8.0	20.0	3.0155754	2.7411373	10.667909	-0.8120171	770000	-0.10678241	8.888908	0.0	-0.12228012	1.2893966	-1.8417834e-08	230.51936411857605
154	11.64	6.3313823	30.0	-10.0	20.0	3.1764202	2.787365	10.683093	0.03519392	775000	-0.104922384	8.618512	0.0	-0.07843876	1.2897155	6.210804e-09	231.98812818527222
155	12.624	6.4220424	30.0	-3.0	20.0	2.9430828	2.7776034	10.427204	0.007553935	780000	-0.10992678	9.804046	0.0	-0.089468	1.2888919	-1.0585785e-08	233.48684215545654
156	12.052	6.75465	30.0	-9.0	20.0	3.1959944	2.8990612	10.859446	0.114997864	785000	-0.10434995	9.193303	0.0	-0.060591698	1.2854295	2.0158291e-08	234.97927498817444
157	12.496	6.442514	30.0	-7.0	20.0	3.0378747	2.826577	10.530085	-0.3750224	790000	-0.109618835	8.7826	0.0	-0.045773506	1.2846102	1.8668175e-08	236.45511317253113
158	12.34	6.159253	30.0	-2.0	20.0	3.18523	2.7803805	10.508451	0.24944454	795000	-0.10889308	8.716996	0.0	-0.03114891	1.2818044	1.168251e-09	237.9460892677307
159	12.792	7.112014	30.0	-10.0	20.0	3.1719599	2.7815828	10.593113	0.5296854	800000	-0.12029842	9.7214985	0.0	-0.11938095	1.2796295	-8.571148e-09	239.42558002471924
160	12.532	6.817109	30.0	-6.0	20.0	3.3005874	2.833803	10.898701	0.07787907	805000	-0.10679498	9.897112	0.0	-0.08794117	1.2791156	1.66893e-08	240.93204402923584
161	12.168	7.3072414	30.0	-14.0	20.0	3.2200162	2.7594318	10.660658	0.15164155	810000	-0.11430393	10.115719	0.0	-0.056718826	1.2787364	-1.1444092e-08	242.40771222114563
162	13.736	6.8913207	34.0	-5.0	20.0	3.0963678	2.7348707	10.73378	-0.2173158	815000	-0.12060348	10.640341	0.0	-0.3206873	1.2734021	5.161762e-09	243.89766716957092
163	13.188	6.676575	30.0	-8.0	20.0	3.5810835	2.9790604	11.3149395	-0.13137692	820000	-0.113990344	9.355055	0.0	-0.07442665	1.2743489	-1.3244152e-08	245.3715512752533
164	12.22	7.063399	30.0	-8.0	20.0	3.4933991	2.84951	11.003667	-0.044958174	825000	-0.11046958	10.013261	0.0	-0.22325993	1.272349	-4.851818e-09	246.8372950553894
165	12.672	6.580913	30.0	-6.0	20.0	3.1421351	2.8065035	10.628626	-0.15420532	830000	-0.11543234	9.297966	0.0	-0.117022514	1.2710791	3.7157534e-08	248.31227731704712
166	12.66	6.844589	30.0	-9.0	20.0	3.2505507	2.8149848	10.857702	-0.0007404089	835000	-0.11679888	9.869269	0.0	-0.029179573	1.2655237	-2.2470951e-08	249.80167412757874
167	12.556	7.401545	30.0	-10.0	20.0	3.2477665	2.7911754	10.833075	-0.02083975	840000	-0.117913425	10.58374	0.0	-0.078510284	1.266055	-9.453297e-09	251.27083206176758
168	13.388	6.8601356	35.0	-10.0	20.0	3.204256	2.8398433	10.847185	-0.13340425	845000	-0.11714019	9.550035	0.0	-0.14643669	1.2649972	-2.1100044e-08	252.73683905601501
169	13.092	6.7245474	30.0	-4.0	20.0	3.370578	2.8372197	10.962975	0.17958015	850000	-0.11942401	9.193706	0.0	-0.020190239	1.260462	8.261204e-09	254.20730018615723
170	13.224	6.466979	30.0	-7.0	20.0	3.3258746	2.8346565	10.933808	0.2827956	855000	-0.12223672	9.740793	0.0	-0.04510975	1.2596247	-9.477138e-09	255.70126914978027
171	13.144	7.342157	30.0	-18.0	20.0	3.5132759	2.799668	10.922552	0.3210733	860000	-0.11884016	11.141695	0.0	-0.08486557	1.2592831	1.449585e-08	257.18075013160706
172	13.172	7.112694	30.0	-5.0	20.0	3.3508594	2.7095308	10.8219	0.26339066	865000	-0.13059358	10.116285	0.0	-0.051775932	1.2572991	1.9967556e-08	258.6727910041809
173	13.508	6.7541056	30.0	-6.0	20.0	3.4431891	2.8407335	11.024283	0.15161586	870000	-0.11888144	9.983541	0.0	-0.029540062	1.2538941	1.655817e-08	260.16434502601624
174	13.368	7.0925717	30.0	-6.0	20.0	3.5295546	2.8125522	10.889654	0.30079097	875000	-0.113635495	10.927672	0.0	-0.041059494	1.2550735	5.2928923e-09	261.67502307891846
175	14.036	7.3164682	40.0	-6.0	20.0	3.4062102	2.709073	10.845699	0.38799256	880000	-0.122323096	10.926914	0.0	-0.15901756	1.2478179	2.4080276e-09	263.21889090538025
176	13.408	7.472719	35.0	-8.0	20.0	3.6113856	2.8862822	11.125091	0.4374407	885000	-0.12845284	10.377349	0.0	-0.06812668	1.2452581	1.6331672e-08	264.70474219322205
177	13.904	7.4091015	30.0	-9.0	20.0	3.6468406	2.8522966	11.243231	0.17053139	890000	-0.11838489	11.27439	0.0	-0.073887825	1.2483418	-8.773804e-09	266.1851680278778
178	14.04	7.471439	30.0	-12.0	20.0	3.5579407	2.8837876	11.042136	0.064750075	895000	-0.116703026	10.999406	0.0	-0.06170845	1.2428411	-5.6803227e-08	267.6648449897766
179	13.516	7.1722903	30.0	-4.0	20.0	3.6944485	2.7171896	11.018716	0.70106435	900000	-0.11623107	10.706623	0.0	-0.066306114	1.242403	3.7145615e-08	269.14136004447937
180	14.16	6.7698154	30.0	-5.0	20.0	3.5979571	2.7696402	10.89083	0.401177	905000	-0.117080115	10.353319	0.0	-0.06757736	1.2450393	-1.8286705e-08	270.6400532722473
181	14.908	8.151781	30.0	-8.0	20.0	3.891853	2.9165347	11.073822	0.5255693	910000	-0.12485282	13.355903	0.0	-0.2787037	1.2484567	-4.9352646e-09	272.1172330379486
182	14.46	7.553039	30.0	-10.0	20.0	4.0819125	2.7166145	11.268443	0.536883	915000	-0.121992566	11.027973	0.0	-0.15603638	1.239654	7.641315e-09	273.60328006744385
183	15.232	6.937592	30.0	-8.0	20.0	3.8306804	2.8986855	11.277388	-0.23240167	920000	-0.12593828	10.626758	0.0	-0.11370754	1.2386997	1.3005733e-08	275.0730700492859
184	14.344	7.608	39.0	-12.0	20.0	4.064612	2.868512	11.463124	0.9157035	925000	-0.12322615	11.67061	0.0	-0.17210865	1.2361683	-3.4570694e-10	276.53677892684937
185	14.764	7.0939627	30.0	-4.0	20.0	3.774532	2.8496847	11.193813	0.32640946	930000	-0.11869503	11.59612	0.0	-0.094641685	1.235029	7.5221065e-09	278.01868319511414
186	14.792	6.928545	30.0	-3.0	20.0	3.857762	2.804076	11.102684	0.39198518	935000	-0.13685736	10.469318	0.0	-0.115468025	1.2322551	-2.3841857e-09	279.5000250339508
187	15.148	6.7068696	30.0	-4.0	20.0	3.898799	2.9267735	11.411264	0.37828916	940000	-0.12457186	10.553679	0.0	-0.05687046	1.2245611	8.487701e-09	280.9879491329193
188	15.172	6.565852	30.0	-3.0	20.0	4.1372643	2.926194	11.53412	0.096609175	945000	-0.12912242	10.414727	0.0	-0.042464256	1.2269506	-6.4849854e-09	282.4649772644043
189	14.812	6.6048965	30.0	-1.0	20.0	3.9201949	2.8524818	11.341206	0.471905	950000	-0.13618419	10.245372	0.0	-0.06845665	1.217725	-1.8012523e-08	283.9454071521759
190	15.408	6.819497	30.0	-4.0	20.0	3.892061	2.8925827	11.184008	0.5686772	955000	-0.122609824	10.895221	0.0	-0.09835625	1.2202404	-7.927418e-09	285.4384660720825
191	14.336	7.0102143	30.0	-12.0	20.0	4.1658077	2.899914	11.431327	0.3893823	960000	-0.13352332	11.594044	0.0	-0.27457237	1.2219508	-2.143383e-08	286.9084882736206
192	14.8	7.219972	30.0	-8.0	20.0	3.7901077	2.814346	11.158228	-0.17295718	965000	-0.12210179	11.318389	0.0	-0.089567184	1.2196226	2.1481513e-08	288.39302110671997
193	15.244	7.013163	30.0	-5.0	20.0	3.9826157	2.817086	11.201435	0.18644941	970000	-0.12530516	11.293744	0.0	-0.061297417	1.2186849	-1.6403199e-08	289.8740060329437
194	14.964	6.7197247	39.0	-3.0	20.0	4.142614	2.8975341	11.412971	-0.090780675	975000	-0.12351212	10.668336	0.0	-0.11683941	1.2204189	-3.8027763e-09	291.34754824638367
195	15.436	7.5903826	40.0	-13.0	20.0	3.8836246	2.9681892	11.216294	-0.19984508	980000	-0.13960645	12.547309	0.0	-0.21543503	1.2157359	1.0931492e-08	292.82814717292786
196	14.476	7.3854876	40.0	-6.0	20.0	4.10239	2.7764137	11.365558	0.3790081	985000	-0.11623468	11.588875	0.0	-0.05286503	1.207296	-2.1886825e-08	294.30575728416443
197	14.552	7.52325	35.0	-6.0	20.0	4.019612	2.8469043	11.298255	-0.084091604	990000	-0.13094822	11.7121525	0.0	-0.02998352	1.2076305	-1.692772e-08	295.8030152320862
198	14.56	7.3657584	30.0	-8.0	20.0	3.937116	2.8188791	11.292715	-0.01853609	995000	-0.117005736	10.839677	0.0	-0.048013687	1.205713	-2.0861626e-09	297.2802789211273
199	14.836	6.9524894	30.0	-6.0	20.0	3.8264472	2.8443406	11.309791	0.24529475	1000000	-0.13276054	11.0088	0.0	-0.112607	1.202568	-1.6570091e-09	298.77896904945374
200	16.068	7.263565	35.0	-3.0	20.0	4.100954	2.8408148	11.390454	0.59173113	1005000	-0.11654535	12.114004	0.0	-0.18548012	1.1996521	1.5354157e-08	300.2759280204773
201	14.948	7.8679914	39.0	-12.0	20.0	4.3636045	2.7865887	11.633732	0.5394436	1010000	-0.12569132	12.523993	0.0	-0.2562914	1.2025295	-7.0333483e-10	301.748419046402
202	16.084	7.299106	30.0	-5.0	20.0	3.9062	2.9004514	11.504185	-0.0054969788	1015000	-0.13737236	11.471487	0.0	-0.24655533	1.1933671	-7.021427e-09	303.22821617126465
203	15.228	7.343025	30.0	-4.0	20.0	4.3493514	2.8647401	11.782606	0.8558755	1020000	-0.13395794	11.474767	0.0	-0.18689442	1.1949552	1.963377e-08	304.6954290866852
204	15.796	6.437576	30.0	-2.0	20.0	4.037049	2.9683888	11.627567	0.09816766	1025000	-0.12555414	10.410127	0.0	-0.15028286	1.1935849	3.374815e-08	306.1651020050049
205	15.68	7.606944	30.0	-6.0	20.0	4.3155403	2.9273717	11.565471	0.57925844	1030000	-0.11986186	12.542236	0.0	-0.10514259	1.1914426	1.295805e-08	307.63139510154724
206	15.46	7.6273456	40.0	-14.0	20.0	4.242379	2.824396	11.431229	0.081522465	1035000	-0.14240518	12.7269335	0.0	-0.15266037	1.1921997	-1.3065338e-08	309.1144061088562
207	16.408	6.828289	30.0	-6.0	20.0	4.091238	2.8678715	11.509847	0.4590724	1040000	-0.10917704	11.0380125	0.0	-0.4176302	1.183346	1.17897985e-08	310.59076619148254
208	16.74	7.1128335	40.0	-8.0	20.0	4.471522	3.04299	11.794857	0.23516595	1045000	-0.15025322	11.536879	0.0	-0.28393364	1.1858356	8.106232e-09	312.0715711116791
209	15.428	6.713331	30.0	1.0	20.0	4.551872	2.8245928	11.802228	1.1688906	1050000	-0.1426361	10.721607	0.0	-0.25939655	1.1811751	8.356571e-09	313.5329372882843
210	16.408	7.751744	35.0	-6.0	20.0	4.227784	2.961991	11.5242195	0.5548246	1055000	-0.12867118	12.251286	0.0	-0.10034561	1.1807044	-6.9260597e-09	315.0275230407715
211	16.32	7.1504965	30.0	-4.0	20.0	4.44228	2.9149086	11.627893	0.3361445	1060000	-0.11787772	12.27108	0.0	-0.035424232	1.1823584	-1.708269e-08	316.5034029483795
212	15.984	7.124026	30.0	-5.0	20.0	4.4677906	2.8653374	11.648201	0.48311567	1065000	-0.14003466	11.7631235	0.0	-0.083512306	1.1789839	-1.5091896e-08	317.9822840690613
213	16.48	7.749168	40.0	-11.0	20.0	4.2803054	2.8697724	11.754029	0.8703057	1070000	-0.13997586	12.347035	0.0	-0.15363598	1.1654115	-3.218651e-10	319.4655079841614
214	15.976	7.3424397	30.0	-8.0	20.0	4.66257	2.9416845	12.0095415	0.69172406	1075000	-0.14828458	11.562974	0.0	-0.17314816	1.1774462	-1.0120869e-08	321.02198600769043
215	16.112	7.814567	30.0	-2.0	20.0	4.3585634	2.9332426	11.742663	0.41156393	1080000	-0.13157128	12.785334	0.0	-0.18351936	1.1701266	6.043911e-09	322.48713517189026
216	17.124	7.4305196	39.0	-2.0	20.0	4.6539383	2.7992928	11.704089	0.62462074	1085000	-0.12588574	13.156897	0.0	-0.098516464	1.1724418	1.9347668e-08	323.9653239250183
217	16.448	6.7734256	30.0	-5.0	20.0	4.701153	2.814404	11.871164	1.1776237	1090000	-0.12554725	12.128557	0.0	-0.08593655	1.1740562	-2.6035309e-08	325.42651414871216
218	16.972	7.4497795	40.0	-6.0	20.0	4.529543	2.8726983	11.665238	0.80460125	1095000	-0.12765318	12.373341	0.0	-0.22439957	1.1634603	3.4689904e-09	326.8951840400696
219	17.088	7.437221	40.0	-6.0	20.0	4.7356443	2.9013922	12.002154	-0.3992746	1100000	-0.14277628	12.129939	0.0	-0.24854088	1.1623342	-2.5868416e-09	328.3699471950531
220	16.06	8.567871	39.0	-14.0	20.0	4.7555733	2.8180652	11.9601555	1.0142926	1105000	-0.123068124	14.21212	0.0	-0.4176321	1.1580062	2.503395e-10	329.87195110321045
221	15.968	7.845953	40.0	-12.0	20.0	4.3853583	2.8961022	11.775738	0.46053445	1110000	-0.10649338	12.528936	0.0	-0.099518776	1.1595807	-2.0110607e-08	331.3471620082855
222	16.356	8.048681	35.0	-4.0	20.0	4.2847924	3.0156565	11.60599	0.18438572	1115000	-0.13611597	12.27669	0.0	-0.15418625	1.158048	-2.0587445e-08	332.8237600326538
223	15.656	7.383337	30.0	-7.0	20.0	4.618184	2.9332614	11.902145	0.026510537	1120000	-0.13191631	12.921341	0.0	-0.27870464	1.1611856	-1.707077e-08	334.29389095306396
224	17.392	7.5449543	40.0	0.0	20.0	4.240369	2.8851411	11.35077	0.55054337	1125000	-0.12624666	13.384906	0.0	-0.38519573	1.1538529	2.1457672e-10	335.7614152431488
225	17.3	7.0649843	30.0	-1.0	20.0	4.7408924	2.8606431	11.879661	1.2835102	1130000	-0.14735062	12.177111	0.0	-0.07476139	1.1484917	1.0609627e-08	337.23319697380066
226	16.956	7.8354363	34.0	-12.0	20.0	4.7305064	2.969264	12.109777	1.0622014	1135000	-0.1544682	12.790279	0.0	-0.062282562	1.1450821	-3.3974648e-09	338.7100121974945
227	16.964	7.7837462	40.0	-11.0	20.0	4.7415686	2.9952195	12.113892	0.64781755	1140000	-0.15398555	13.462239	0.0	-0.25198936	1.1475167	4.9591065e-09	340.32632207870483
228	17.144	7.493148	30.0	-6.0	20.0	4.6490283	2.8573287	11.909811	1.1073416	1145000	-0.11624796	12.722909	0.0	-0.35949898	1.1476433	-2.7406216e-08	341.9103422164917
229	16.888	7.159571	39.0	-2.0	20.0	4.7498436	2.894529	11.906184	0.28337044	1150000	-0.12839581	12.727783	0.0	-0.16754723	1.1468846	1.5497208e-10	343.54994010925293
230	17.412	7.614871	40.0	-7.0	20.0	4.660125	3.0061662	11.81401	0.79860723	1155000	-0.13818604	12.978224	0.0	-0.080142975	1.1444831	2.2864342e-08	345.05937099456787
231	17.16	7.7947674	40.0	-2.0	20.0	4.779425	3.0116422	11.997995	1.120658	1160000	-0.13835809	13.014261	0.0	-0.12477875	1.1411673	-1.3208389e-08	346.5619161128998
232	17.52	7.625326	40.0	-7.0	20.0	4.6649127	3.0460696	12.024788	0.010741055	1165000	-0.14719212	12.596109	0.0	-0.0935173	1.1393216	-1.052618e-08	348.07226634025574
233	17.072	7.35247	39.0	-13.0	20.0	4.7542205	2.978065	12.182393	0.62897354	1170000	-0.13704887	11.432779	0.0	-0.07373333	1.1251575	-1.6844272e-08	349.591135263443
234	17.784	7.885261	35.0	-5.0	20.0	4.8684087	3.1177833	12.059583	0.841862	1175000	-0.15399793	13.11999	0.0	-0.12227917	1.1363577	-1.9788742e-09	351.0951142311096
235	17.672	8.112978	40.0	-10.0	20.0	4.8630977	2.9830155	12.181751	0.5874844	1180000	-0.14847428	13.114395	0.0	-0.06619167	1.1272645	-1.3494492e-08	352.58682107925415
236	17.36	7.454824	39.0	-7.0	20.0	4.9749756	2.9187338	12.204874	1.0473263	1185000	-0.14000523	12.690652	0.0	-0.06586838	1.1328427	2.849102e-09	354.0770061016083
237	17.864	7.657513	40.0	-4.0	20.0	4.9055576	2.9784799	12.176164	0.5730728	1190000	-0.15116225	12.805671	0.0	-0.063316345	1.1281366	-1.6605854e-08	355.58869314193726
238	18.608	7.474646	40.0	-4.0	20.0	5.1648045	2.9266493	12.197582	1.3121933	1195000	-0.13622618	14.159753	0.0	-0.05238056	1.1344002	-1.2397766e-09	357.0998680591583
239	17.66	7.6639676	40.0	-10.0	20.0	5.168335	2.923301	12.180106	1.1529958	1200000	-0.15294331	13.133419	0.0	-0.09794998	1.1290847	-1.6689301e-09	358.6046361923218
240	17.688	7.40099	40.0	-4.0	20.0	5.0311084	3.0048447	12.287782	0.8349782	1205000	-0.14253028	13.569473	0.0	-0.11251736	1.127318	-8.654594e-09	360.1449830532074
241	16.52	7.8435707	39.0	-3.0	20.0	4.763282	2.897529	12.027203	0.8214297	1210000	-0.13142337	13.425473	0.0	-0.19300556	1.1142008	-1.6987324e-08	361.6325490474701
242	17.532	7.68173	40.0	-8.0	20.0	4.588047	2.95927	11.842519	-0.13132972	1215000	-0.15471122	13.3672285	0.0	-0.17973042	1.1210123	7.1644783e-09	363.15619015693665
243	18.036	8.026625	39.0	-11.0	20.0	4.919294	2.9218364	12.268308	1.1122162	1220000	-0.13435192	13.746639	0.0	-0.07111454	1.1150732	1.5962124e-08	364.64831614494324
244	18.012	7.971189	40.0	-12.0	20.0	5.0616384	2.865561	12.237491	0.99030197	1225000	-0.14298746	14.19079	0.0	-0.06594467	1.112895	-9.870529e-09	366.1555562019348
245	18.324	7.458889	30.0	-1.0	20.0	5.178161	2.8952956	12.117632	1.2127045	1230000	-0.15110633	13.131084	0.0	-0.057144165	1.1148171	-1.5377999e-09	367.6626260280609
246	19.18	7.156787	40.0	-4.0	20.0	5.155578	2.957642	12.372138	1.2535756	1235000	-0.14282225	13.586808	0.0	-0.10446262	1.1129667	1.834631e-08	369.1877202987671
247	19.008	7.4086394	40.0	2.0	20.0	5.4412584	3.0115829	12.501525	1.615684	1240000	-0.13492475	13.3504095	0.0	-0.07808018	1.1117824	-7.951259e-09	370.70988416671753
248	17.688	7.9969153	37.0	-8.0	20.0	5.330314	2.9603055	12.432671	0.6905557	1245000	-0.13905534	14.395966	0.0	-0.2293644	1.1062882	5.00679e-10	372.23680090904236
249	17.888	8.006214	40.0	-9.0	20.0	5.0065775	2.9424913	12.141508	0.86818933	1250000	-0.14117073	13.107469	0.0	-0.039993286	1.1048181	1.3113022e-10	373.78930616378784
